1,0,40.613381623451296,-74.07705623160051,1593447912,100,28
2,1,2.62717349667447,160.97850633300361,1593447912,0,14,4,2
3,2,-40.82691541226919,74.84098906352119,1593447912,100,-5
1,0,2.62717349667447,160.97850633300361,1593447912,12,14
2,0,2.62717349667447,160.93850633300361,1593447912,70,14
3,0,2.62717349667447,160.92850637300361,1593447912,0,-23
1,1,2.62717349667447,-160.91850633300361,1593447912,0,12,4,7
2,2,2.62717349667447,160.97850633300361,1593447912,0,76
3,2,-2.62717349667447,160.97850633300361,1593447912,0,14
4,1,-2.62717349667447,160.97850633300361,1593447912,0,14,1,10
